0 0.02890625 0.78203125 0.0578125 0.15234375
0 0.0640625 0.54765625 0.128125 0.1078125
0 0.07265625 0.16328125 0.14140625 0.171875
0 0.26171875 0.32109375 0.08671875 0.0609375
0 0.34609375 0.1890625 0.13046875 0.07109375
0 0.534375 0.20546875 0.13046875 0.1078125
0 0.61875 0.25078125 0.02578125 0.053125
0 0.5125 0.32421875 0.046875 0.08671875
0 0.59453125 0.32890625 0.1078125 0.08984375
0 0.71328125 0.32890625 0.121875 0.06875
0 0.71796875 0.4578125 0.11875 0.165625
0 0.51796875 0.46015625 0.0421875 0.07734375
0 0.59453125 0.52578125 0.09140625 0.0546875
0 0.80625 0.3625 0.02578125 0.03984375
0 0.9375 0.3546875 0.07421875 0.0515625
1 0.3359375 0.0828125 0.671875 0.165625