0 0.1515625 0.5375 0.059375 0.09921875
0 0.2171875 0.46953125 0.0546875 0.0765625
0 0.265625 0.4796875 0.02890625 0.0578125
0 0.23125 0.584375 0.02890625 0.04453125
0 0.25234375 0.68359375 0.04921875 0.0546875
0 0.29921875 0.67734375 0.0140625 0.03984375
0 0.34296875 0.68203125 0.03515625 0.0546875
0 0.32734375 0.58984375 0.078125 0.084375
0 0.26484375 0.5796875 0.02578125 0.04453125
0 0.33515625 0.48828125 0.084375 0.0765625
0 0.46953125 0.48828125 0.05078125 0.05078125
0 0.4734375 0.57890625 0.04140625 0.04296875
0 0.47578125 0.66484375 0.04609375 0.0625
0 0.546875 0.50625 0.05234375 0.0734375
0 0.55 0.58984375 0.05078125 0.0625
0 0.55078125 0.66875 0.05078125 0.04453125
0 0.41171875 0.421875 0.0546875 0.05234375
0 0.525 0.42265625 0.06875 0.0796875
0 0.73828125 0.45859375 0.10234375 0.0609375
0 0.6828125 0.50859375 0.03828125 0.03828125
0 0.6890625 0.575 0.03671875 0.03671875
0 0.78515625 0.5875 0.065625 0.2015625