0 0.15703125 0.53984375 0.0578125 0.09765625
0 0.221875 0.4734375 0.053125 0.07578125
0 0.26953125 0.48359375 0.028125 0.05625
0 0.2359375 0.58671875 0.028125 0.04375
0 0.25625 0.68359375 0.0484375 0.053125
0 0.30234375 0.67734375 0.0140625 0.0390625
0 0.3453125 0.68203125 0.034375 0.053125
0 0.33046875 0.59140625 0.07734375 0.08359375
0 0.26875 0.58203125 0.025 0.04375
0 0.33828125 0.49140625 0.08359375 0.07578125
0 0.4703125 0.49140625 0.05 0.05
0 0.47421875 0.58125 0.040625 0.0421875
0 0.4765625 0.66484375 0.0453125 0.0609375
0 0.54609375 0.509375 0.0515625 0.07265625
0 0.54921875 0.59140625 0.05 0.0609375
0 0.55 0.66875 0.05 0.04375
0 0.4125 0.42578125 0.053125 0.0515625
0 0.52421875 0.4265625 0.06796875 0.07890625
0 0.734375 0.4625 0.10078125 0.059375
0 0.6796875 0.51171875 0.0375 0.0375
0 0.6859375 0.57734375 0.0359375 0.0359375
0 0.78046875 0.58984375 0.06484375 0.1984375