0 0.33671875 0.940625 0.1140625 0.10546875
0 0.5421875 0.92421875 0.0546875 0.05078125
0 0.165625 0.52734375 0.0828125 0.13828125
0 0.2546875 0.53515625 0.07421875 0.146875
0 0.33671875 0.484375 0.0859375 0.22109375
0 0.41796875 0.52890625 0.059375 0.1171875
0 0.48984375 0.53125 0.0640625 0.13671875
0 0.55703125 0.53203125 0.0640625 0.13046875
0 0.62265625 0.475 0.053125 0.22734375
0 0.67734375 0.528125 0.04921875 0.10703125
0 0.7296875 0.52578125 0.04140625 0.1140625
0 0.76875 0.5453125 0.0546875 0.321875
0 0.83203125 0.5421875 0.04140625 0.10078125
0 0.87421875 0.5375 0.03828125 0.0859375
0 0.91015625 0.540625 0.03828125 0.090625
0 0.95234375 0.5390625 0.034375 0.0859375
1 0.35078125 0.109375 0.7015625 0.21875