0 0.02421875 0.81484375 0.0484375 0.15078125
0 0.05078125 0.56015625 0.1015625 0.12265625
0 0.0453125 0.14375 0.090625 0.109375
0 0.1109375 0.22109375 0.0265625 0.04453125
0 0.24765625 0.32734375 0.0796875 0.0484375
0 0.3609375 0.1953125 0.09453125 0.06640625
0 0.53125 0.21328125 0.1046875 0.0828125
0 0.61875 0.26328125 0.03671875 0.053125
0 0.509375 0.334375 0.053125 0.0734375
0 0.59765625 0.3265625 0.11640625 0.05625
0 0.51328125 0.47578125 0.04453125 0.06484375
0 0.725 0.34765625 0.134375 0.06796875
0 0.5953125 0.55 0.09765625 0.04140625
0 0.71328125 0.50859375 0.14140625 0.1015625
0 0.953125 0.36953125 0.06953125 0.05625
0 0.8140625 0.37265625 0.03359375 0.04453125
0 0.83359375 0.3359375 0.053125 0.03359375