0 0.42734375 0.36484375 0.0296875 0.08671875
0 0.5203125 0.375 0.0484375 0.08515625
0 0.5859375 0.4046875 0.0453125 0.07734375
0 0.66640625 0.4140625 0.0359375 0.07421875
0 0.5828125 0.2671875 0.0484375 0.09921875
0 0.66015625 0.29140625 0.05 0.08671875
0 0.74375 0.26015625 0.059375 0.09609375
0 0.640625 0.128125 0.16015625 0.14140625
0 0.41171875 0.15546875 0.08046875 0.08671875
1 0.5046875 0.17578125 0.09453125 0.16328125
1 0.29140625 0.11796875 0.13828125 0.2359375
1 0.5671875 0.04296875 0.41015625 0.08046875
0 0.5640625 0.65546875 0.14453125 0.07890625