0 0.42578125 0.36328125 0.0296875 0.08671875
0 0.51875 0.3734375 0.0484375 0.08515625
0 0.584375 0.403125 0.0453125 0.07734375
0 0.66484375 0.4125 0.0359375 0.07421875
0 0.58125 0.265625 0.0484375 0.09921875
0 0.65859375 0.28984375 0.05 0.08671875
0 0.7421875 0.25859375 0.059375 0.09609375
0 0.6390625 0.1265625 0.16015625 0.14140625
0 0.41015625 0.15390625 0.08046875 0.08671875
1 0.503125 0.17421875 0.09453125 0.16328125
1 0.2890625 0.1171875 0.13828125 0.234375
1 0.565625 0.04140625 0.41015625 0.08046875
0 0.56171875 0.65390625 0.14453125 0.07890625