0 0.0328125 0.534375 0.065625 0.1125
0 0.040625 0.13359375 0.08046875 0.1796875
0 0.2046875 0.29765625 0.090625 0.0640625
0 0.29296875 0.16015625 0.1359375 0.0734375
0 0.4890625 0.178125 0.1359375 0.1125
0 0.57734375 0.225 0.0265625 0.05546875
0 0.46640625 0.3015625 0.0484375 0.090625
0 0.55234375 0.30625 0.1125 0.09375
0 0.675 0.30625 0.12734375 0.071875
0 0.68046875 0.44140625 0.12421875 0.17265625
0 0.47109375 0.44296875 0.04375 0.08046875
0 0.55234375 0.51171875 0.0953125 0.05703125
0 0.77265625 0.34140625 0.0265625 0.0421875
0 0.909375 0.3328125 0.07734375 0.05390625
1 0.31640625 0.06796875 0.6328125 0.1359375