0 0.70078125 0.13359375 0.0828125 0.11875
0 0.71484375 0.25625 0.06953125 0.0859375
0 0.72734375 0.446875 0.10546875 0.26484375
0 0.73203125 0.715625 0.11015625 0.2078125
0 0.715625 0.91640625 0.06796875 0.1671875
0 0.58671875 0.91640625 0.040625 0.05
0 0.5890625 0.8078125 0.02890625 0.05859375
0 0.5890625 0.39140625 0.0328125 0.040625
0 0.54921875 0.2375 0.10859375 0.10703125
0 0.5234375 0.0078125 0.05 0.015625
0 0.403125 0.69453125 0.05703125 0.06328125
0 0.3875 0.9828125 0.046875 0.034375
0 0.26640625 0.65546875 0.0328125 0.06171875
1 0.88046875 0.5 0.23828125 1
1 0.3828125 0.32421875 0.22421875 0.64765625
1 0.49140625 0.84765625 0.1453125 0.3046875