0 0.03125 0.784375 0.0625 0.1421875
0 0.05625 0.54375 0.1125 0.115625
0 0.0515625 0.15390625 0.103125 0.103125
0 0.121875 0.225 0.025 0.0421875
0 0.25 0.325 0.075 0.0453125
0 0.35703125 0.20078125 0.0890625 0.0625
0 0.5171875 0.21796875 0.0984375 0.078125
0 0.59921875 0.26484375 0.034375 0.05
0 0.49609375 0.33203125 0.05 0.06875
0 0.5796875 0.32421875 0.109375 0.053125
0 0.5 0.46484375 0.0421875 0.0609375
0 0.69921875 0.34453125 0.1265625 0.0640625
0 0.57734375 0.534375 0.0921875 0.0390625
0 0.68828125 0.4953125 0.1328125 0.0953125
0 0.9140625 0.36484375 0.065625 0.053125
0 0.7828125 0.36796875 0.03125 0.0421875
0 0.8015625 0.3328125 0.05 0.03125