0 0.6984375 0.13828125 0.08359375 0.11953125
0 0.71328125 0.26171875 0.0703125 0.08671875
0 0.72578125 0.453125 0.10625 0.26640625
0 0.73046875 0.72421875 0.1109375 0.209375
0 0.7140625 0.9203125 0.06875 0.159375
0 0.584375 0.92578125 0.040625 0.05078125
0 0.58671875 0.81640625 0.0296875 0.05859375
0 0.58671875 0.396875 0.0328125 0.040625
0 0.546875 0.24296875 0.109375 0.1078125
0 0.5203125 0.01015625 0.05078125 0.01953125
0 0.39921875 0.70234375 0.05703125 0.0640625
0 0.3828125 0.9875 0.04765625 0.02421875
0 0.26171875 0.66328125 0.0328125 0.06171875
1 0.8796875 0.5 0.23984375 1
1 0.3796875 0.328125 0.22578125 0.65546875
1 0.4875 0.8515625 0.146875 0.296875