0 0.15625 0.53671875 0.0578125 0.096875
0 0.2203125 0.4703125 0.053125 0.075
0 0.26796875 0.48046875 0.028125 0.05625
0 0.234375 0.5828125 0.028125 0.04375
0 0.2546875 0.6796875 0.0484375 0.053125
0 0.30078125 0.6734375 0.0140625 0.0390625
0 0.34296875 0.678125 0.034375 0.053125
0 0.328125 0.5875 0.0765625 0.0828125
0 0.2671875 0.578125 0.025 0.04375
0 0.3359375 0.48828125 0.0828125 0.075
0 0.4671875 0.48828125 0.05 0.05
0 0.47109375 0.57734375 0.040625 0.0421875
0 0.4734375 0.6609375 0.0453125 0.0609375
0 0.54296875 0.50625 0.0515625 0.071875
0 0.54609375 0.5875 0.05 0.0609375
0 0.546875 0.66484375 0.05 0.04375
0 0.41015625 0.4234375 0.053125 0.0515625
0 0.52109375 0.42421875 0.0671875 0.078125
0 0.7296875 0.459375 0.1 0.059375
0 0.67578125 0.50859375 0.0375 0.0375
0 0.68203125 0.5734375 0.0359375 0.0359375
0 0.77578125 0.5859375 0.0640625 0.196875