0 0.31640625 0.90390625 0.11015625 0.10234375
0 0.51484375 0.88828125 0.05234375 0.04921875
0 0.15078125 0.50390625 0.0796875 0.134375
0 0.2375 0.51171875 0.071875 0.1421875
0 0.31640625 0.4625 0.0828125 0.2140625
0 0.3953125 0.50546875 0.0578125 0.11328125
0 0.46484375 0.5078125 0.0625 0.1328125
0 0.5296875 0.50859375 0.0625 0.1265625
0 0.59375 0.45390625 0.05078125 0.2203125
0 0.64609375 0.5046875 0.04765625 0.10390625
0 0.696875 0.50234375 0.03984375 0.11015625
0 0.73515625 0.521875 0.05234375 0.31171875
0 0.7953125 0.51875 0.03984375 0.09765625
0 0.83671875 0.51328125 0.03671875 0.0828125
0 0.87109375 0.51640625 0.03671875 0.0875
0 0.9125 0.51484375 0.03359375 0.0828125
0 0.98046875 0.515625 0.03203125 0.0875
1 0.334375 0.103125 0.66875 0.20625