0 0.41484375 0.14765625 0.096875 0.1
0 0.6375 0.1203125 0.1828125 0.12578125
0 0.746875 0.23671875 0.07109375 0.0859375
0 0.6625 0.2640625 0.05546875 0.13359375
0 0.590625 0.26015625 0.04140625 0.103125
0 0.42734375 0.35546875 0.03984375 0.078125
0 0.5234375 0.3640625 0.05390625 0.08125
0 0.59453125 0.39609375 0.03359375 0.06640625
0 0.67578125 0.40625 0.03515625 0.07265625
1 0.49140625 0.03515625 0.53828125 0.06953125
1 0.5078125 0.165625 0.096875 0.13984375
1 0.309375 0.15 0.1234375 0.14609375