0 0.171875 0.65390625 0.2734375 0.31796875
0 0.09453125 0.4046875 0.18515625 0.18515625
0 0.2390625 0.38828125 0.06796875 0.09609375
0 0.41328125 0.38828125 0.07109375 0.07421875
0 0.5046875 0.36171875 0.09921875 0.13046875
0 0.60859375 0.39765625 0.059375 0.08671875
0 0.67421875 0.396875 0.06328125 0.08515625
0 0.7515625 0.42109375 0.08359375 0.09609375
0 0.83203125 0.421875 0.0515625 0.08359375
0 0.89140625 0.42578125 0.0359375 0.059375
0 0.93359375 0.43828125 0.021875 0.0375
1 0.7125 0.28671875 0.053125 0.13671875
1 0.78515625 0.33046875 0.0484375 0.08984375
1 0.46484375 0.240625 0.09609375 0.15703125
1 0.63046875 0.26953125 0.09296875 0.12421875