0 0.05859375 0.27109375 0.084375 0.11796875
0 0.234375 0.3453125 0.04140625 0.0640625
0 0.29375 0.15 0.03828125 0.0578125
0 0.35 0.646875 0.0625 0.0796875
0 0.54765625 0.42109375 0.0640625 0.0765625
0 0.6140625 0.2640625 0.02109375 0.02578125
0 0.51015625 0.28203125 0.04921875 0.084375
0 0.68828125 0.50546875 0.04140625 0.08125
0 0.7625 0.45234375 0.0578125 0.09296875
0 0.8 0.6359375 0.02890625 0.0578125
0 0.83203125 0.78125 0.05234375 0.0640625
0 0.8921875 0.38671875 0.015625 0.03984375
0 0.90234375 0.3234375 0.03046875 0.0546875
0 0.97734375 0.1203125 0.04453125 0.071875
0 0.74609375 0.95078125 0.0796875 0.0984375
0 0.65 0.9515625 0.0765625 0.06875
0 0.565625 0.97421875 0.02890625 0.03359375
0 0.4515625 0.96484375 0.0734375 0.0578125
0 0.24453125 0.9578125 0.11171875 0.04921875
0 0.01171875 0.946875 0.0234375 0.046875
1 0.9046875 0.175 0.0640625 0.225
1 0.8265625 0.30625 0.10234375 0.26171875
1 0.671875 0.178125 0.071875 0.296875
1 0.603125 0.1453125 0.04453125 0.18984375
1 0.50546875 0.13203125 0.065625 0.2140625
1 0.3671875 0.28359375 0.0859375 0.228125
1 0.26875 0.14921875 0.1421875 0.29375
1 0.06640625 0.11953125 0.12265625 0.2171875