0 0.3109375 0.6859375 0.040625 0.04375
0 0.3046875 0.7578125 0.04921875 0.040625
0 0.378125 0.690625 0.0390625 0.05859375
0 0.390625 0.77109375 0.0390625 0.06015625
0 0.44765625 0.69609375 0.05078125 0.08984375
0 0.5359375 0.69765625 0.03125 0.040625
0 0.61484375 0.73984375 0.0328125 0.1109375
1 0.184375 0.32265625 0.33984375 0.6453125
1 0.509375 0.15390625 0.2109375 0.30234375
1 0.6109375 0.41875 0.23515625 0.33828125
1 0.82734375 0.16328125 0.22421875 0.3265625
1 0.8953125 0.37109375 0.209375 0.3140625
1 0.9640625 0.63984375 0.071875 0.1390625