0 0.18125 0.5453125 0.2140625 0.065625
0 0.42265625 0.471875 0.25859375 0.215625
0 0.60546875 0.44609375 0.1046875 0.08515625
0 0.0203125 0.50390625 0.03984375 0.165625
0 0.0578125 0.59453125 0.01953125 0.08046875
0 0.05703125 0.71328125 0.1078125 0.215625
1 0.12578125 0.33984375 0.23125 0.23125
1 0.3203125 0.2234375 0.15078125 0.20390625
1 0.60546875 0.16953125 0.14453125 0.209375
0 0.19140625 0.6203125 0.02890625 0.08046875
0 0.28125 0.62109375 0.02421875 0.053125
0 0.33828125 0.61015625 0.02421875 0.03203125