0 0.209375 0.1859375 0.14296875 0.14453125
0 0.32890625 0.1828125 0.09609375 0.05859375
0 0.309375 0.09921875 0.046875 0.05859375
0 0.41171875 0.175 0.0796875 0.06796875
0 0.509375 0.175 0.05 0.05390625
0 0.4515625 0.26875 0.11875 0.05546875
0 0.66484375 0.334375 0.1578125 0.125
0 0.7171875 0.45390625 0.0828125 0.06953125
0 0.834375 0.4609375 0.115625 0.10703125
0 0.778125 0.5421875 0.046875 0.0453125
0 0.8609375 0.57734375 0.075 0.09765625
0 0.9609375 0.46796875 0.0453125 0.0734375
0 0.93828125 0.75390625 0.06484375 0.1625
0 0.6875 0.59296875 0.06953125 0.0859375
0 0.6828125 0.68203125 0.0734375 0.10078125
0 0.70234375 0.7484375 0.0453125 0.0453125
0 0.5421875 0.753125 0.06328125 0.078125
0 0.52109375 0.48359375 0.18359375 0.128125
0 0.2359375 0.5265625 0.0859375 0.0796875
0 0.06796875 0.5703125 0.06953125 0.10078125
0 0.159375 0.74453125 0.0796875 0.0828125
0 0.45859375 0.8828125 0.046875 0.046875
0 0.42109375 0.9734375 0.0328125 0.03046875
1 0.7828125 0.134375 0.43046875 0.23203125
1 0.88984375 0.328125 0.2203125 0.128125
1 0.59296875 0.93515625 0.15546875 0.10703125
1 0.3234375 0.3890625 0.13828125 0.15234375
1 0.35625 0.27578125 0.0734375 0.06796875
1 0.44609375 0.0765625 0.11015625 0.134375
1 0.13125 0.05546875 0.134375 0.0859375
1 0.30546875 0.67890625 0.11875 0.13828125
1 0.14921875 0.5734375 0.05859375 0.18359375