0 0.18828125 0.43515625 0.26171875 0.53515625
0 0.37265625 0.509375 0.09453125 0.40546875
0 0.484375 0.659375 0.09921875 0.25859375
0 0.5484375 0.4015625 0.03671875 0.14375
0 0.609375 0.46796875 0.04765625 0.18515625
0 0.6515625 0.48046875 0.03359375 0.146875
0 0.803125 0.475 0.08125 0.2
0 0.89375 0.4640625 0.11328125 0.2015625
1 0.89609375 0.2046875 0.1421875 0.2703125
1 0.62421875 0.12109375 0.1296875 0.221875
1 0.2109375 0.07421875 0.25546875 0.1484375
1 0.4671875 0.10390625 0.11640625 0.2078125