0 0.00859375 0.3484375 0.0171875 0.07734375
0 0.078125 0.278125 0.10078125 0.1921875
0 0.2171875 0.325 0.12890625 0.203125
0 0.20234375 0.47890625 0.09140625 0.05625
0 0.36171875 0.53984375 0.196875 0.17578125
0 0.625 0.6203125 0.2328125 0.2171875
0 0.865625 0.48046875 0.2484375 0.36328125
0 0.47578125 0.415625 0.3 0.12421875
0 0.53359375 0.47890625 0.0546875 0.034375
0 0.321875 0.29765625 0.07578125 0.08828125
0 0.56796875 0.25859375 0.2046875 0.14765625
1 0.103125 0.10546875 0.14296875 0.18671875
1 0.54375 0.1421875 0.10546875 0.12421875