0 0.16796875 0.66875 0.28515625 0.33125
0 0.0921875 0.4078125 0.18359375 0.19375
0 0.2375 0.3921875 0.0703125 0.1
0 0.41953125 0.3921875 0.0734375 0.07734375
0 0.51484375 0.3640625 0.103125 0.1359375
0 0.62265625 0.4015625 0.0625 0.08984375
0 0.6921875 0.40078125 0.065625 0.08828125
0 0.771875 0.4265625 0.08671875 0.1
0 0.85546875 0.42734375 0.05390625 0.08671875
0 0.91796875 0.43125 0.0375 0.0625
0 0.9625 0.44375 0.02265625 0.0390625
1 0.73125 0.2859375 0.05546875 0.14296875
1 0.80703125 0.33125 0.05078125 0.09375
1 0.47265625 0.2375 0.1 0.1640625
1 0.64609375 0.26796875 0.096875 0.1296875