0 0.09296875 0.4171875 0.18515625 0.1546875
0 0.2640625 0.40234375 0.11953125 0.078125
0 0.43125 0.39453125 0.09921875 0.0703125
0 0.525 0.3546875 0.075 0.134375
0 0.6125 0.40234375 0.0578125 0.078125
0 0.678125 0.39609375 0.075 0.084375
0 0.75859375 0.4125 0.0875 0.08125
0 0.834375 0.428125 0.0671875 0.065625
0 0.89921875 0.42265625 0.04296875 0.065625
0 0.18671875 0.6671875 0.25859375 0.33515625
1 0.475 0.1890625 0.11796875 0.17421875
1 0.6453125 0.24375 0.1296875 0.2109375
1 0.775 0.3125 0.0765625 0.11171875