0 0.26640625 0.640625 0.1140625 0.115625
0 0.11484375 0.65625 0.06484375 0.04296875
0 0.053125 0.534375 0.1 0.05703125
0 0.21875 0.54609375 0.11875 0.04609375
0 0.36171875 0.54296875 0.03203125 0.02578125
0 0.415625 0.54921875 0.021875 0.0109375
0 0.63359375 0.6453125 0.05703125 0.03984375
0 0.83046875 0.57890625 0.04453125 0.0875
1 0.6140625 0.8296875 0.22578125 0.115625
1 0.165625 0.93125 0.0984375 0.06640625
1 0.03828125 0.871875 0.0765625 0.07109375
1 0.121875 0.3578125 0.16015625 0.23515625
1 0.55546875 0.353125 0.109375 0.1765625
1 0.546875 0.5953125 0.0859375 0.13828125
1 0.73828125 0.6578125 0.06015625 0.05078125
1 0.078125 0.09453125 0.13359375 0.16484375