0 0.2734375 0.68125 0.0421875 0.04609375
0 0.2671875 0.75625 0.05078125 0.0421875
0 0.34296875 0.6859375 0.040625 0.0609375
0 0.35625 0.76953125 0.040625 0.0625
0 0.415625 0.69140625 0.05234375 0.09296875
0 0.50703125 0.69296875 0.03203125 0.0421875
0 0.5890625 0.7375 0.03359375 0.115625
1 0.159375 0.31953125 0.31875 0.6390625
1 0.47890625 0.1421875 0.21875 0.284375
1 0.584375 0.40390625 0.24375 0.35078125
1 0.80859375 0.15390625 0.2328125 0.3078125
1 0.88515625 0.353125 0.2296875 0.325
1 0.95625 0.6328125 0.0875 0.14375