0 0.009375 0.37109375 0.01875 0.0453125
0 0.11953125 0.3625 0.02265625 0.02421875
0 0.1671875 0.3703125 0.03515625 0.02890625
0 0.21953125 0.36875 0.02890625 0.03515625
0 0.26953125 0.36171875 0.02109375 0.03515625
0 0.328125 0.36328125 0.03828125 0.03359375
0 0.38125 0.36953125 0.02578125 0.0515625
0 0.434375 0.36640625 0.02734375 0.0484375
0 0.51015625 0.359375 0.0609375 0.053125
0 0.56328125 0.3578125 0.03671875 0.03984375
0 0.6296875 0.36484375 0.0453125 0.05625
0 0.69609375 0.36796875 0.03359375 0.03515625
0 0.75546875 0.36640625 0.03203125 0.0421875
0 0.8109375 0.36484375 0.03671875 0.059375
0 0.87890625 0.36640625 0.05 0.059375
0 0.93515625 0.371875 0.02734375 0.03515625
0 0.99375 0.371875 0.0125 0.04375
0 0.8921875 0.49296875 0.08984375 0.0609375
0 0.48515625 0.54921875 0.11875 0.109375
0 0.16875 0.50078125 0.18515625 0.1640625
1 0.82265625 0.1984375 0.15078125 0.1796875