0 0.43125 0.8328125 0.059375 0.13828125
0 0.50546875 0.9640625 0.0375 0.071875
0 0.56875 0.878125 0.0703125 0.0734375
0 0.56484375 0.96796875 0.0734375 0.0640625
0 0.62890625 0.93359375 0.0578125 0.08515625
0 0.5109375 0.61015625 0.0375 0.0890625
0 0.51484375 0.71328125 0.04609375 0.059375
0 0.4828125 0.70703125 0.0375 0.1109375
0 0.50859375 0.515625 0.034375 0.09375
0 0.475 0.471875 0.0328125 0.09921875
0 0.49921875 0.37265625 0.04921875 0.21484375
0 0.56796875 0.43359375 0.0734375 0.1828125
0 0.5921875 0.66640625 0.09375 0.075
0 0.57109375 0.79375 0.034375 0.0765625
0 0.6125 0.78671875 0.021875 0.08671875
0 0.5875 0.565625 0.04453125 0.0765625
0 0.49375 0.20703125 0.01875 0.0546875
1 0.7671875 0.3046875 0.465625 0.609375
1 0.68671875 0.7421875 0.08046875 0.21484375