0 0.02890625 0.715625 0.03828125 0.059375
0 0.0875 0.70703125 0.0453125 0.07578125
0 0.2234375 0.79609375 0.14296875 0.2890625
0 0.32265625 0.71640625 0.08359375 0.059375
0 0.42109375 0.746875 0.13515625 0.24296875
0 0.54453125 0.69921875 0.03671875 0.1015625
0 0.58125 0.7265625 0.02734375 0.0640625
0 0.6265625 0.70078125 0.109375 0.26015625
0 0.84921875 0.72421875 0.14765625 0.115625
0 0.946875 0.74296875 0.06875 0.07734375
1 0.18125 0.4765625 0.1671875 0.30859375
1 0.165625 0.14375 0.1734375 0.25703125
1 0.34453125 0.08203125 0.1234375 0.13359375
1 0.39609375 0.46640625 0.14609375 0.290625
1 0.60546875 0.30546875 0.13203125 0.5421875
1 0.81484375 0.3296875 0.18828125 0.6
1 0.02734375 0.2125 0.0546875 0.1703125
1 0.3796875 0.21484375 0.065625 0.09609375