0 0.0125 0.640625 0.02421875 0.11015625
0 0.075 0.7203125 0.028125 0.03828125
0 0.15234375 0.6828125 0.0578125 0.046875
0 0.23203125 0.73515625 0.028125 0.03671875
0 0.3140625 0.7296875 0.06484375 0.090625
0 0.475 0.72109375 0.16640625 0.071875
0 0.6453125 0.72578125 0.12265625 0.1046875
0 0.7578125 0.69921875 0.0296875 0.05234375
0 0.8109375 0.7125 0.015625 0.03828125
1 0.071875 0.48046875 0.14296875 0.24453125
1 0.284375 0.42421875 0.26953125 0.46171875
1 0.6265625 0.3625 0.4 0.58203125
1 0.83359375 0.5984375 0.21328125 0.2375