0 0.075 0.25390625 0.0890625 0.12421875
0 0.259375 0.33203125 0.04375 0.0671875
0 0.321875 0.12734375 0.040625 0.06015625
0 0.38125 0.64921875 0.065625 0.08359375
0 0.5890625 0.41171875 0.0671875 0.08046875
0 0.65859375 0.24765625 0.021875 0.0265625
0 0.54921875 0.265625 0.05234375 0.0890625
0 0.73671875 0.50078125 0.04375 0.0859375
0 0.81484375 0.44453125 0.06015625 0.09765625
0 0.85390625 0.6375 0.03046875 0.06015625
0 0.8875 0.790625 0.05546875 0.0671875
0 0.95078125 0.37578125 0.01640625 0.0421875
0 0.96171875 0.309375 0.03203125 0.05703125
0 0.796875 0.95859375 0.08359375 0.08203125
0 0.69609375 0.96640625 0.08046875 0.0671875
0 0.60703125 0.9875 0.03046875 0.025
0 0.48671875 0.9765625 0.07734375 0.046875
0 0.2703125 0.975 0.1171875 0.05
0 0.01953125 0.96484375 0.03828125 0.05
1 0.9640625 0.15390625 0.0671875 0.23671875
1 0.88203125 0.29140625 0.10703125 0.275
1 0.71875 0.15703125 0.07578125 0.31171875
1 0.646875 0.12265625 0.046875 0.2
1 0.54453125 0.11015625 0.06875 0.21953125
1 0.39921875 0.26796875 0.090625 0.23984375
1 0.29375 0.13984375 0.15 0.2796875
1 0.0828125 0.1046875 0.12890625 0.209375