0 0.0296875 0.89375 0.05390625 0.03125
0 0.1 0.8625 0.03125 0.03671875
0 0.2125 0.83359375 0.0625 0.05546875
0 0.30546875 0.8015625 0.05390625 0.03984375
0 0.4 0.825 0.0640625 0.05
0 0.496875 0.8421875 0.07265625 0.046875
0 0.6546875 0.97890625 0.23671875 0.04140625
0 0.83046875 0.94375 0.08515625 0.05390625
0 0.7984375 0.79140625 0.0296875 0.015625
1 0.6484375 0.4109375 0.34765625 0.2390625
1 0.396875 0.72109375 0.20625 0.14375
1 0.39296875 0.4546875 0.13125 0.240625
1 0.10703125 0.45 0.0953125 0.1