0 0.446875 0.40078125 0.22734375 0.30859375
0 0.2921875 0.62578125 0.1234375 0.22578125
0 0.44921875 0.83046875 0.4203125 0.0921875
0 0.64296875 0.33046875 0.0859375 0.09921875
0 0.69921875 0.5265625 0.0359375 0.0515625
0 0.7734375 0.7 0.1984375 0.2890625
0 0.6359375 0.678125 0.05859375 0.05
0 0.4953125 0.6984375 0.07109375 0.05703125
0 0.5671875 0.7265625 0.02421875 0.02109375
0 0.1734375 0.8640625 0.034375 0.0328125
1 0.78828125 0.25234375 0.4234375 0.5046875
1 0.2859375 0.409375 0.1203125 0.171875
1 0.9328125 0.665625 0.11015625 0.2109375