0 0.15234375 0.36953125 0.0890625 0.10390625
0 0.321875 0.39921875 0.07109375 0.04921875
0 0.42890625 0.396875 0.06953125 0.04453125
0 0.24765625 0.33359375 0.01953125 0.01796875
0 0.56015625 0.45546875 0.053125 0.04921875
0 0.69453125 0.4375 0.07734375 0.065625
0 0.18828125 0.77421875 0.05078125 0.115625
0 0.275 0.79921875 0.10390625 0.10390625
0 0.37734375 0.859375 0.10546875 0.1203125
0 0.675 0.7625 0.07421875 0.13359375
0 0.8390625 0.7890625 0.18984375 0.16015625
0 0.9703125 0.82734375 0.059375 0.09375
1 0.325 0.1625 0.359375 0.325
1 0.765625 0.19609375 0.46875 0.3890625
1 0.8234375 0.6109375 0.13828125 0.13203125
1 0.925 0.590625 0.0625 0.10703125
1 0.9734375 0.7546875 0.04296875 0.04296875
1 0.61796875 0.609375 0.13515625 0.15703125
1 0.16015625 0.6734375 0.06796875 0.13046875
1 0.290625 0.68125 0.10390625 0.07109375
1 0.37109375 0.7796875 0.065625 0.0328125
1 0.028125 0.63359375 0.05625 0.1765625