0 0.15390625 0.43828125 0.27734375 0.565625
0 0.3484375 0.5171875 0.1 0.42890625
0 0.46640625 0.67578125 0.1046875 0.2734375
0 0.534375 0.403125 0.0390625 0.15234375
0 0.5984375 0.47265625 0.05078125 0.19609375
0 0.64375 0.48671875 0.03515625 0.15546875
0 0.80390625 0.48046875 0.0859375 0.2109375
0 0.89921875 0.46875 0.1203125 0.2125
1 0.90234375 0.19453125 0.15 0.28515625
1 0.6140625 0.11171875 0.13671875 0.22265625
1 0.17734375 0.0671875 0.2703125 0.134375
1 0.44765625 0.0984375 0.1234375 0.196875