0 0.0234375 0.6890625 0.046875 0.08125
0 0.16953125 0.78515625 0.15390625 0.31171875
0 0.27578125 0.7 0.08984375 0.0640625
0 0.38203125 0.7328125 0.1453125 0.2609375
0 0.51484375 0.68203125 0.03984375 0.109375
0 0.5546875 0.7109375 0.0296875 0.06953125
0 0.603125 0.68359375 0.11796875 0.28046875
0 0.8421875 0.70859375 0.159375 0.12421875
0 0.9484375 0.728125 0.07421875 0.0828125
1 0.1234375 0.4421875 0.1796875 0.33203125
1 0.10703125 0.1109375 0.18671875 0.22109375
1 0.29921875 0.04375 0.1328125 0.0875
1 0.35546875 0.43046875 0.1578125 0.31328125
1 0.5796875 0.27421875 0.1421875 0.5484375
1 0.80546875 0.303125 0.20234375 0.60546875
1 0.3375 0.16015625 0.07109375 0.10390625