0 0.20703125 0.1765625 0.1453125 0.15
0 0.33203125 0.1734375 0.1 0.0609375
0 0.31171875 0.0859375 0.04921875 0.0609375
0 0.41796875 0.16484375 0.0828125 0.06953125
0 0.52109375 0.165625 0.05078125 0.05390625
0 0.46015625 0.26171875 0.1234375 0.0578125
0 0.68125 0.33203125 0.1625 0.1296875
0 0.73671875 0.45546875 0.0859375 0.07265625
0 0.8578125 0.4625 0.11796875 0.11171875
0 0.80078125 0.5484375 0.04921875 0.04765625
0 0.88515625 0.584375 0.07734375 0.1015625
0 0.98203125 0.46953125 0.03515625 0.07421875
0 0.965625 0.76796875 0.0671875 0.16875
0 0.70546875 0.60078125 0.07265625 0.0875
0 0.7 0.6921875 0.07578125 0.103125
0 0.7203125 0.7609375 0.04765625 0.04765625
0 0.55390625 0.76640625 0.065625 0.08125
0 0.53125 0.48671875 0.190625 0.13203125
0 0.2359375 0.53125 0.0875 0.0828125
0 0.0609375 0.5765625 0.07265625 0.103125
0 0.15546875 0.75859375 0.08125 0.084375
0 0.4671875 0.90234375 0.04921875 0.04921875
0 0.42734375 0.98984375 0.03359375 0.0203125
1 0.790625 0.1234375 0.41875 0.23984375
1 0.90078125 0.3234375 0.1984375 0.134375
1 0.60703125 0.95 0.16015625 0.1
1 0.325 0.38671875 0.14375 0.15703125
1 0.36015625 0.2703125 0.07578125 0.07109375
1 0.453125 0.065625 0.1125 0.13125
1 0.12734375 0.0421875 0.13984375 0.084375
1 0.30859375 0.68828125 0.1234375 0.14375
1 0.1453125 0.5796875 0.059375 0.1890625