0 0.80859375 0.2625 0.3296875 0.4125
0 0.76796875 0.85859375 0.2546875 0.2453125
0 0.690625 0.5578125 0.0640625 0.1265625
0 0.97109375 0.57109375 0.04921875 0.0875
0 0.6140625 0.653125 0.059375 0.13359375
0 0.28515625 0.57734375 0.0421875 0.1640625
0 0.42578125 0.54140625 0.09140625 0.0578125
0 0.4859375 0.60859375 0.05390625 0.09765625
0 0.5578125 0.590625 0.0453125 0.1
0 0.2640625 0.4390625 0.0828125 0.08984375
1 0.13515625 0.16328125 0.2703125 0.32578125
1 0.7890625 0.696875 0.08984375 0.190625
1 0.3390625 0.84453125 0.084375 0.1421875
1 0.06328125 0.50390625 0.0796875 0.271875
1 0.74765625 0.0453125 0.2734375 0.090625