0 0.015625 0.86328125 0.03125 0.0296875
0 0.07578125 0.834375 0.03046875 0.03515625
0 0.184375 0.80703125 0.06015625 0.05390625
0 0.27421875 0.77578125 0.05234375 0.03828125
0 0.365625 0.7984375 0.06171875 0.0484375
0 0.459375 0.815625 0.0703125 0.0453125
0 0.6140625 0.953125 0.2296875 0.0484375
0 0.78359375 0.91328125 0.08203125 0.05234375
0 0.75234375 0.765625 0.02890625 0.01484375
1 0.60703125 0.396875 0.3375 0.23125
1 0.36328125 0.69765625 0.2 0.1390625
1 0.359375 0.43984375 0.12734375 0.23359375
1 0.08203125 0.434375 0.0921875 0.09765625