0 0.4640625 0.4328125 0.23515625 0.31875
0 0.30390625 0.665625 0.12734375 0.23359375
0 0.465625 0.8765625 0.434375 0.0953125
0 0.66640625 0.36015625 0.0890625 0.10234375
0 0.72421875 0.56328125 0.03671875 0.05390625
0 0.8015625 0.74140625 0.2046875 0.2984375
0 0.65859375 0.71875 0.06015625 0.05234375
0 0.51328125 0.73984375 0.0734375 0.05859375
0 0.58828125 0.76953125 0.025 0.021875
0 0.18125 0.91171875 0.03515625 0.03359375
1 0.7984375 0.2703125 0.40234375 0.540625
1 0.296875 0.44140625 0.12421875 0.178125
1 0.95390625 0.70625 0.0921875 0.21796875