0 0.81640625 0.26875 0.309375 0.3875
0 0.77890625 0.8296875 0.23984375 0.23046875
0 0.70625 0.54609375 0.06015625 0.11875
0 0.96953125 0.55859375 0.04609375 0.0828125
0 0.634375 0.6359375 0.05546875 0.12578125
0 0.32578125 0.56484375 0.03984375 0.15390625
0 0.45703125 0.53125 0.0859375 0.05390625
0 0.51328125 0.59453125 0.05078125 0.0921875
0 0.58125 0.57734375 0.04296875 0.09375
0 0.30546875 0.43515625 0.078125 0.084375
1 0.16171875 0.1640625 0.2984375 0.328125
1 0.7984375 0.67734375 0.084375 0.1796875
1 0.37578125 0.815625 0.0796875 0.13359375
1 0.11640625 0.49609375 0.07421875 0.25546875
1 0.76015625 0.05546875 0.25703125 0.10625