0 0.10703125 0.37734375 0.02421875 0.02578125
0 0.1578125 0.3859375 0.0375 0.03125
0 0.2140625 0.384375 0.03125 0.0375
0 0.2671875 0.3765625 0.02265625 0.0375
0 0.3296875 0.378125 0.04140625 0.0359375
0 0.38671875 0.38515625 0.02734375 0.0546875
0 0.44296875 0.38125 0.02890625 0.0515625
0 0.525 0.3734375 0.065625 0.05703125
0 0.58125 0.371875 0.03984375 0.04296875
0 0.65234375 0.3796875 0.0484375 0.06015625
0 0.7234375 0.3828125 0.0359375 0.0375
0 0.78671875 0.38125 0.034375 0.04453125
0 0.84609375 0.3796875 0.03984375 0.06328125
0 0.91875 0.38125 0.053125 0.06328125
0 0.97890625 0.3875 0.02890625 0.0375
0 0.9328125 0.51640625 0.09609375 0.065625
0 0.4984375 0.5765625 0.12734375 0.1171875
0 0.16015625 0.525 0.19765625 0.175
1 0.85859375 0.2015625 0.16171875 0.1921875