0 0.23828125 0.68046875 0.12109375 0.12265625
0 0.078125 0.696875 0.06875 0.0453125
0 0.0328125 0.5671875 0.065625 0.06015625
0 0.18828125 0.58046875 0.12578125 0.0484375
0 0.3390625 0.57734375 0.03359375 0.0265625
0 0.39609375 0.58359375 0.0234375 0.01171875
0 0.62578125 0.68515625 0.06015625 0.0421875
0 0.83359375 0.61484375 0.046875 0.0921875
1 0.60546875 0.8796875 0.23828125 0.12265625
1 0.13125 0.97578125 0.10390625 0.0484375
1 0.01875 0.925 0.03671875 0.07578125
1 0.0859375 0.38203125 0.16953125 0.2484375
1 0.54375 0.3765625 0.115625 0.1859375
1 0.534375 0.6328125 0.090625 0.14609375
1 0.73671875 0.6984375 0.0640625 0.05390625
1 0.0546875 0.10234375 0.109375 0.17421875