0 0.19453125 0.19375 0.14296875 0.14453125
0 0.3140625 0.190625 0.09609375 0.05859375
0 0.29453125 0.10703125 0.046875 0.05859375
0 0.396875 0.18359375 0.0796875 0.06796875
0 0.4953125 0.18359375 0.05 0.05390625
0 0.43671875 0.2765625 0.11875 0.05546875
0 0.65 0.3421875 0.1578125 0.125
0 0.703125 0.46171875 0.0828125 0.06953125
0 0.81953125 0.46953125 0.115625 0.10703125
0 0.7640625 0.55 0.046875 0.0453125
0 0.846875 0.58515625 0.075 0.09765625
0 0.94609375 0.4765625 0.0453125 0.0734375
0 0.9234375 0.7625 0.06484375 0.1625
0 0.67265625 0.6015625 0.06953125 0.0859375
0 0.66796875 0.68984375 0.0734375 0.10078125
0 0.6875 0.75625 0.0453125 0.0453125
0 0.52734375 0.76171875 0.06328125 0.078125
0 0.50625 0.4921875 0.18359375 0.128125
0 0.221875 0.53515625 0.0859375 0.0796875
0 0.05390625 0.57890625 0.06953125 0.10078125
0 0.14453125 0.75234375 0.0796875 0.0828125
0 0.44375 0.89140625 0.046875 0.046875
0 0.40703125 0.98125 0.0328125 0.03046875
1 0.76796875 0.14296875 0.43046875 0.23203125
1 0.88203125 0.33671875 0.23046875 0.128125
1 0.57890625 0.94296875 0.15546875 0.10703125
1 0.30859375 0.396875 0.13828125 0.15234375
1 0.34140625 0.284375 0.0734375 0.06796875
1 0.43203125 0.084375 0.11015625 0.134375
1 0.1171875 0.06328125 0.134375 0.0859375
1 0.290625 0.68671875 0.11875 0.13828125
1 0.134375 0.58125 0.05859375 0.18359375