0 0.1234375 0.34375 0.08984375 0.1046875
0 0.29375 0.3734375 0.07109375 0.05
0 0.40234375 0.37109375 0.06953125 0.04453125
0 0.21953125 0.30703125 0.0203125 0.01796875
0 0.534375 0.43046875 0.053125 0.05
0 0.66953125 0.41171875 0.078125 0.06640625
0 0.159375 0.75078125 0.0515625 0.11640625
0 0.246875 0.7765625 0.1046875 0.1046875
0 0.35 0.8375 0.10625 0.12109375
0 0.64921875 0.7390625 0.075 0.134375
0 0.81484375 0.765625 0.19140625 0.1609375
0 0.95859375 0.8046875 0.0828125 0.09453125
1 0.296875 0.14921875 0.3625 0.2984375
1 0.75078125 0.1828125 0.49140625 0.365625
1 0.79921875 0.58671875 0.13984375 0.1328125
1 0.90078125 0.56640625 0.06328125 0.1078125
1 0.95 0.73203125 0.04296875 0.04296875
1 0.5921875 0.5859375 0.1359375 0.1578125
1 0.13125 0.64921875 0.06796875 0.13125
1 0.2625 0.6578125 0.1046875 0.07109375
1 0.34375 0.75703125 0.06640625 0.03359375
1 0.01328125 0.60859375 0.0265625 0.178125