0 0.09140625 0.615625 0.03828125 0.1
0 0.15546875 0.6875 0.02578125 0.03515625
0 0.22578125 0.653125 0.05234375 0.04296875
0 0.29765625 0.70078125 0.02578125 0.03359375
0 0.371875 0.69609375 0.05859375 0.0828125
0 0.51796875 0.68828125 0.15078125 0.06484375
0 0.67265625 0.6921875 0.1109375 0.0953125
0 0.77578125 0.66796875 0.02734375 0.04765625
0 0.8234375 0.68046875 0.0140625 0.03515625
1 0.14765625 0.46953125 0.13984375 0.221875
1 0.3453125 0.41796875 0.24453125 0.41875
1 0.65625 0.3625 0.36328125 0.52890625
1 0.84453125 0.57734375 0.19375 0.215625