0 0.19921875 0.1796875 0.1390625 0.14375
0 0.31875 0.1765625 0.0953125 0.0578125
0 0.29921875 0.09375 0.046875 0.0578125
0 0.40078125 0.16875 0.07890625 0.06640625
0 0.49921875 0.16953125 0.0484375 0.0515625
0 0.44140625 0.2609375 0.11796875 0.0546875
0 0.65234375 0.328125 0.1546875 0.12421875
0 0.7046875 0.44609375 0.08203125 0.06953125
0 0.82109375 0.453125 0.11328125 0.10625
0 0.76640625 0.534375 0.046875 0.0453125
0 0.846875 0.56953125 0.07421875 0.096875
0 0.94609375 0.46015625 0.0453125 0.07109375
0 0.9234375 0.74453125 0.06484375 0.1609375
0 0.675 0.584375 0.06953125 0.08359375
0 0.6703125 0.67265625 0.07265625 0.0984375
0 0.68984375 0.73828125 0.0453125 0.0453125
0 0.53046875 0.74296875 0.06328125 0.07734375
0 0.50859375 0.47578125 0.18203125 0.12578125
0 0.2265625 0.51875 0.08359375 0.07890625
0 0.059375 0.56171875 0.06953125 0.0984375
0 0.15 0.73515625 0.07734375 0.08046875
0 0.44765625 0.87265625 0.046875 0.046875
0 0.41015625 0.9609375 0.03203125 0.02890625
1 0.76953125 0.12890625 0.42578125 0.22890625
1 0.8828125 0.32109375 0.22890625 0.12890625
1 0.58125 0.92421875 0.153125 0.10625
1 0.31171875 0.38046875 0.13671875 0.15
1 0.3453125 0.26953125 0.07265625 0.06796875
1 0.43515625 0.07109375 0.1078125 0.13203125
1 0.1234375 0.05 0.13359375 0.08359375
1 0.29609375 0.66875 0.11796875 0.13671875
1 0.140625 0.56484375 0.05625 0.18046875