0 0.17265625 0.6203125 0.0796875 0.1203125
0 0.15703125 0.28203125 0.05859375 0.078125
0 0.2984375 0.31640625 0.05546875 0.06328125
0 0.3359375 0.36875 0.05 0.06953125
0 0.35 0.49765625 0.02734375 0.0515625
0 0.590625 0.60078125 0.0421875 0.09765625
0 0.64140625 0.603125 0.02890625 0.06015625
0 0.7890625 0.753125 0.02109375 0.03046875
0 0.68203125 0.334375 0.0375 0.0859375
0 0.53359375 0.3734375 0.02890625 0.05
0 0.54375 0.29453125 0.0328125 0.0421875
1 0.0890625 0.259375 0.178125 0.51875
1 0.2359375 0.13828125 0.11015625 0.2546875
1 0.41484375 0.25703125 0.2234375 0.5140625
1 0.60546875 0.45390625 0.0765625 0.1640625
1 0.58359375 0.24296875 0.084375 0.1625
1 0.634375 0.10546875 0.17890625 0.1765625