0 0.1609375 0.25859375 0.13828125 0.40234375
0 0.346875 0.27421875 0.1453125 0.4421875
0 0.5703125 0.36796875 0.3375 0.19609375
0 0.784375 0.44765625 0.04921875 0.11328125
0 0.684375 0.51796875 0.1046875 0.08984375
0 0.559375 0.55078125 0.09765625 0.06953125
0 0.503125 0.6984375 0.15703125 0.03046875
0 0.6390625 0.70625 0.0421875 0.03203125
0 0.3703125 0.725 0.0453125 0.04765625
0 0.1546875 0.709375 0.05546875 0.0640625
1 0.45234375 0.04765625 0.4421875 0.09453125
1 0.55625 0.1828125 0.21953125 0.11640625