0 0.415625 0.81640625 0.05625 0.13046875
0 0.48671875 0.946875 0.03515625 0.08046875
0 0.54609375 0.859375 0.065625 0.06875
0 0.54296875 0.946875 0.06875 0.0625
0 0.60234375 0.91171875 0.0546875 0.08046875
0 0.49140625 0.60703125 0.03515625 0.08359375
0 0.49453125 0.70390625 0.04375 0.05625
0 0.46484375 0.6984375 0.03515625 0.1046875
0 0.4890625 0.51796875 0.03203125 0.08828125
0 0.45703125 0.4765625 0.03046875 0.09296875
0 0.4796875 0.38359375 0.046875 0.20234375
0 0.5453125 0.440625 0.06875 0.171875
0 0.5671875 0.66015625 0.08828125 0.07109375
0 0.54765625 0.7796875 0.03203125 0.07265625
0 0.58671875 0.7734375 0.02109375 0.08203125
0 0.56328125 0.56484375 0.0421875 0.07265625
0 0.475 0.22734375 0.01796875 0.0515625
1 0.7515625 0.303125 0.47734375 0.60625
1 0.65703125 0.73125 0.07578125 0.20234375