0 0.10078125 0.37578125 0.07265625 0.04375
0 0.16640625 0.55859375 0.040625 0.10703125
0 0.290625 0.65 0.09765625 0.0546875
0 0.36328125 0.76640625 0.09453125 0.07109375
0 0.778125 0.79609375 0.43671875 0.08984375
0 0.371875 0.56484375 0.08671875 0.10390625
0 0.5359375 0.6390625 0.13515625 0.06484375
0 0.61328125 0.5453125 0.07734375 0.15234375
0 0.78125 0.52734375 0.16328125 0.11484375
0 0.87890625 0.36015625 0.225 0.31953125
0 0.70234375 0.3453125 0.10234375 0.10546875
0 0.4484375 0.34140625 0.16015625 0.09609375
0 0.29140625 0.36484375 0.10078125 0.0609375