0 0.1921875 0.5515625 0.22109375 0.06796875
0 0.4421875 0.47578125 0.2671875 0.22265625
0 0.63046875 0.44921875 0.1078125 0.08828125
0 0.0234375 0.51015625 0.046875 0.17109375
0 0.06484375 0.603125 0.0203125 0.0828125
0 0.0640625 0.725 0.1109375 0.22265625
1 0.134375 0.33984375 0.2390625 0.2390625
1 0.3359375 0.21953125 0.15625 0.2109375
1 0.63046875 0.16328125 0.14921875 0.215625
0 0.20234375 0.6296875 0.0296875 0.0828125
0 0.2953125 0.63046875 0.025 0.0546875
0 0.3546875 0.61875 0.025 0.03359375