0 0.0953125 0.39296875 0.0765625 0.046875
0 0.16484375 0.5875 0.04296875 0.11328125
0 0.296875 0.684375 0.103125 0.05859375
0 0.3734375 0.8078125 0.1 0.075
0 0.790625 0.8390625 0.41796875 0.0953125
0 0.3828125 0.59296875 0.09140625 0.11015625
0 0.55703125 0.67265625 0.14296875 0.06796875
0 0.63828125 0.5734375 0.08203125 0.16171875
0 0.81640625 0.55390625 0.1734375 0.121875
0 0.9 0.37578125 0.2 0.33828125
0 0.7328125 0.3609375 0.10859375 0.11171875
0 0.46328125 0.35703125 0.1703125 0.1015625
0 0.29765625 0.38203125 0.10703125 0.06484375