0 0.0625 0.6859375 0.07265625 0.053125
0 0.23671875 0.71328125 0.1625 0.12578125
0 0.3828125 0.7703125 0.08671875 0.07109375
0 0.50703125 0.8109375 0.07734375 0.07265625
0 0.58828125 0.85390625 0.059375 0.08671875
0 0.65078125 0.92890625 0.0609375 0.07578125
0 0.4359375 0.946875 0.03671875 0.02578125
1 0.47265625 0.59140625 0.228125 0.31015625
1 0.6734375 0.7734375 0.13671875 0.07734375
1 0.82578125 0.815625 0.1109375 0.11875
1 0.21484375 0.30859375 0.38125 0.6171875
1 0.525 0.11484375 0.1625 0.2296875
1 0.8078125 0.13203125 0.29765625 0.25546875