0 0.0453125 0.496875 0.08984375 0.13359375
0 0.3421875 0.596875 0.3984375 0.18984375
0 0.74921875 0.6609375 0.375 0.19140625
0 0.96953125 0.69609375 0.0609375 0.0734375
0 0.76015625 0.434375 0.0546875 0.0453125
0 0.83828125 0.43828125 0.0484375 0.03203125
0 0.46640625 0.4328125 0.08671875 0.06015625
0 0.17265625 0.40859375 0.0296875 0.0265625
0 0.228125 0.4015625 0.01640625 0.01796875
1 0.64765625 0.4328125 0.13828125 0.1203125
1 0.20390625 0.190625 0.4078125 0.328125
1 0.015625 0.36015625 0.03125 0.0765625