0 0.2125 0.24375 0.1390625 0.403125
0 0.39921875 0.26015625 0.14609375 0.44375
0 0.62265625 0.35390625 0.3390625 0.196875
0 0.83828125 0.43359375 0.04921875 0.11328125
0 0.7375 0.50390625 0.10546875 0.08984375
0 0.61171875 0.5375 0.0984375 0.06953125
0 0.55625 0.6859375 0.1578125 0.03046875
0 0.6921875 0.69296875 0.0421875 0.03203125
0 0.421875 0.71171875 0.04609375 0.04765625
0 0.20625 0.696875 0.05625 0.0640625
1 0.50546875 0.03984375 0.44375 0.0796875
1 0.609375 0.16796875 0.2203125 0.1171875