0 0.0578125 0.71171875 0.075 0.0546875
0 0.2375 0.73984375 0.16796875 0.1296875
0 0.3890625 0.79921875 0.08984375 0.0734375
0 0.5171875 0.84140625 0.0796875 0.075
0 0.6015625 0.88515625 0.06171875 0.08984375
0 0.66640625 0.96171875 0.06328125 0.0765625
0 0.44375 0.98203125 0.03828125 0.0265625
1 0.48203125 0.61484375 0.2359375 0.3203125
1 0.6890625 0.80234375 0.14140625 0.0796875
1 0.84609375 0.84609375 0.11484375 0.12265625
1 0.2140625 0.3203125 0.39375 0.640625
1 0.5359375 0.1203125 0.16796875 0.240625
1 0.828125 0.13984375 0.30703125 0.2640625