0 0.23359375 0.2984375 0.046875 0.1
0 0.3984375 0.1953125 0.0515625 0.1015625
0 0.44765625 0.15625 0.053125 0.0984375
0 0.57890625 0.1734375 0.0984375 0.1640625
0 0.52890625 0.25 0.040625 0.0765625
0 0.490625 0.3890625 0.04375 0.2078125
0 0.78125 0.3421875 0.0640625 0.1265625
0 0.77578125 0.19921875 0.0390625 0.075
0 0.909375 0.240625 0.053125 0.103125
0 0.896875 0.47578125 0.034375 0.0953125
0 0.78046875 0.6796875 0.04375 0.096875
0 0.49765625 0.84453125 0.0578125 0.1328125
0 0.2359375 0.60859375 0.040625 0.090625