0 0.07265625 0.38359375 0.03515625 0.109375
0 0.053125 0.4921875 0.04453125 0.109375
0 0.03984375 0.62578125 0.03671875 0.16640625
0 0.27578125 0.6375 0.04140625 0.15546875
0 0.2703125 0.48984375 0.02734375 0.14921875
0 0.26796875 0.28359375 0.03359375 0.09375
0 0.4296875 0.2171875 0.03515625 0.1171875
0 0.45 0.28984375 0.021875 0.07109375
0 0.4640625 0.3625 0.02578125 0.084375
0 0.50625 0.47421875 0.03984375 0.15234375
0 0.5796875 0.6390625 0.05390625 0.184375
0 0.90546875 0.6546875 0.06796875 0.16328125
0 0.79921875 0.50078125 0.04453125 0.115625
0 0.70859375 0.340625 0.03203125 0.14140625
0 0.61796875 0.22734375 0.04140625 0.1
0 0.790625 0.20234375 0.03984375 0.0953125
0 0.9765625 0.33984375 0.03671875 0.16328125