0 0.20859375 0.32890625 0.0515625 0.1109375
0 0.390625 0.21484375 0.05703125 0.1125
0 0.4453125 0.17109375 0.05859375 0.109375
0 0.590625 0.190625 0.109375 0.18203125
0 0.53515625 0.275 0.0453125 0.08515625
0 0.49296875 0.42890625 0.0484375 0.23046875
0 0.81484375 0.37734375 0.07109375 0.13984375
0 0.80859375 0.21875 0.04296875 0.0828125
0 0.95703125 0.26484375 0.05859375 0.1140625
0 0.94296875 0.525 0.03828125 0.10546875
0 0.8140625 0.75078125 0.0484375 0.10703125
0 0.50078125 0.9296875 0.0640625 0.13984375
0 0.2109375 0.671875 0.0453125 0.1