0 0.03828125 0.39296875 0.03828125 0.11953125
0 0.0203125 0.5109375 0.03984375 0.11953125
0 0.01015625 0.65625 0.0203125 0.18125
0 0.259375 0.67109375 0.0453125 0.1703125
0 0.2546875 0.509375 0.0296875 0.16328125
0 0.2515625 0.28359375 0.03671875 0.10234375
0 0.428125 0.21171875 0.03828125 0.128125
0 0.45078125 0.290625 0.02421875 0.078125
0 0.46640625 0.3703125 0.028125 0.0921875
0 0.5125 0.49296875 0.04375 0.16640625
0 0.5921875 0.67265625 0.059375 0.2015625
0 0.9484375 0.68984375 0.075 0.17890625
0 0.8328125 0.521875 0.0484375 0.1265625
0 0.73359375 0.34609375 0.034375 0.1546875
0 0.634375 0.221875 0.0453125 0.109375
0 0.82265625 0.1953125 0.04375 0.10390625