0 0.23125 0.2984375 0.0484375 0.10234375
0 0.3984375 0.19453125 0.0515625 0.10234375
0 0.446875 0.15546875 0.053125 0.09921875
0 0.58046875 0.17265625 0.10234375 0.16484375
0 0.52890625 0.25 0.040625 0.07734375
0 0.490625 0.38984375 0.04375 0.2109375
0 0.7828125 0.34296875 0.06328125 0.12578125
0 0.778125 0.19921875 0.0390625 0.07578125
0 0.9125 0.240625 0.053125 0.10390625
0 0.89921875 0.47734375 0.034375 0.09765625
0 0.78125 0.6828125 0.04375 0.09765625
0 0.49765625 0.84921875 0.0578125 0.13359375
0 0.234375 0.61015625 0.040625 0.09140625