0 0.21484375 0.2828125 0.0484375 0.10390625
0 0.38671875 0.175 0.05390625 0.10546875
0 0.4375 0.134375 0.05546875 0.10234375
0 0.57421875 0.15234375 0.10234375 0.1703125
0 0.521875 0.23203125 0.0421875 0.0796875
0 0.48203125 0.3765625 0.0453125 0.215625
0 0.784375 0.328125 0.06640625 0.13125
0 0.778125 0.1796875 0.040625 0.078125
0 0.9171875 0.22265625 0.05546875 0.10703125
0 0.90390625 0.46640625 0.0359375 0.09921875
0 0.78359375 0.67890625 0.0453125 0.10078125
0 0.4890625 0.85 0.06015625 0.13828125
0 0.2171875 0.6046875 0.0421875 0.09453125