0 0.209375 0.275 0.05234375 0.11015625
0 0.3890625 0.16328125 0.05546875 0.11015625
0 0.440625 0.121875 0.0578125 0.10625
0 0.584375 0.13984375 0.11015625 0.17734375
0 0.5296875 0.22265625 0.04375 0.0828125
0 0.48828125 0.3734375 0.04765625 0.2265625
0 0.80234375 0.32265625 0.0671875 0.13515625
0 0.79765625 0.16796875 0.0421875 0.08125
0 0.94140625 0.2125 0.0578125 0.11171875
0 0.92734375 0.4671875 0.0375 0.1046875
0 0.80078125 0.68828125 0.04765625 0.1046875
0 0.49609375 0.86640625 0.0625 0.14375
0 0.2125 0.61015625 0.04375 0.09765625